carts-db,2022-09-25 19:10:57.573740,2022-09-25 19:11:58.038726
